607
685
588
610
672
589
671
680
633
641
667
723
572
647
681
619
645
634
711
567
699
823
806
752
844
955
606
682
686
659
698
679
744
573
659
693
653
674
673
748
599
634
658
661
707
667
734
616
698
690
649
697
697
736
572
661
666
663
733
712
769
746
759
750
826
751
783
783
737
783
808
812
738
786
797
780
821
847
839
758
809
795
772
811
808
853
738
763
769
729
809
772
806
761
774
775
755
821
741
811
728
774
815
753
789
816
869
766
726
837
766
812
812
858
782
798
825
772
832
779
818
761
814
812
786
829
802
805
769
807
836
793
876
886
885
781
801
841
817
857
834
886
810
822
831
816
837
820
837
808
832
853
819
861
830
868
790
858
861
814
851
845
867
826
812
855
822
832
843
883
783
795
843
811
869
831
853
772
844
838
810
816
809
867
815
840
852
780
845
808
854
819
837
813
811
841
828
860
811
822
841
812
840
821
834
779
813
852
841
860
831
865
776
818
848
824
875
856
856
803
831
837
799
857
832
878
785
824
833
798
848
860
853
793
799
813
805
852
841
841
767
845
833
790
837
833
893
798
842
848
781
850
825
851
774
831
827
768
836
834
868
768
842
839
805
824
827
846
712
709
727
700
767
704
754
611
721
736
682
741
717
755
585
730
752
662
720
722
767
574
708
722
681
697
677
729
605
683
734
672
717
718
794
599
710
708
681
716
724
765
564
699
724
724
720
740
773
608
655
735
690
723
743
784
680
697
578
530
689
683
718
630
675
595
706
704
567
688
739
672
710
729
780
597
701
746
678
760
739
784
578
661
723
689
730
720
801
632
757
762
740
765
797
751
673
