ID	Mission	nPoints	Engine	Fuel	Sulfur	Aromatics	Naph	Hydrogen	TempC	ColdEIn	HotEIn	VolEIn	mBC	ColdV	HotV	VolV	Org_Fract	SO4_Fract	mOrg	mSO4	ColdGMD	ColdVMD	HotGMD	HotVMD	Engine2	Engine3	N1	N2	EGT	FF
1	APEX	329	3	JP-8	383	17.6	0.93	13.69	NA	1.54E+16	2.44E+15	1.30E+16	NA	NA	NA	NA	NA	NA	NA	NA	21.46377	35.11332	14.06082	36.198005	0	1	NA	NA	NA	NA
2	APEX	552	3	JP-8	383	17.6	0.93	13.69	21.0	1.34E+15	NA	NA	6.40	97.78	89.35	8.4	NA	NA	NA	NA	22.39803583	50.3091575	23.18249333	52.80863833	0	1	26.4	68	758	0.122
3	APEX	156	3	JP-8	383	17.6	0.93	13.69	22.0	1.64E+16	1.66E+15	1.48E+16	3.53	186.85	26.58	160.3	NA	NA	NA	NA	19.91402667	27.71348333	13.35311	23.89041667	0	1	27.0	70	741	0.118
4	APEX	171	3	JP-8	383	17.6	0.93	13.69	27.0	1.74E+16	1.25E+15	1.61E+16	5.80	165.15	45.06	120.1	NA	NA	NA	NA	19.82157667	28.29328	13.287875	30.16357	0	1	26.0	67	755	0.118
5	APEX	1306	3	JP-8	383	17.6	0.93	13.69	32.0	2.34E+16	1.04E+15	2.24E+16	7.30	91.41	40.23	51.2	NA	NA	NA	NA	15.16757423	24.27344269	11.94940818	42.60012318	0	1	26.5	69	779	0.121
6	APEX	155	3	JP-8	383	17.6	0.93	13.69	33.0	2.68E+16	8.25E+14	2.60E+16	6.33	68.00	21.46	46.5	NA	NA	NA	NA	13.1797475	22.152135	11.508395	30.349275	0	1	27.0	70	793	0.123
7	APEX	320	3	JP-8	383	17.6	0.93	13.69	32.0	2.44E+16	6.67E+14	2.37E+16	7.01	64.07	26.66	37.4	NA	NA	NA	NA	13.42836333	23.44042667	11.43472667	36.58052	0	1	26.5	70	835	0.123
8	APEX	292	3	JP-8	383	17.6	0.93	13.69	18.0	5.16E+16	2.04E+15	4.96E+16	10.46	173.09	31.07	142.0	0.864	0.136	147.3277259	23.09625028	15.50857167	22.41515333	10.823832	25.86706	0	1	26.4	67	751	0.121
9	APEX	762	3	JP-8	383	17.6	0.93	13.69	20.0	5.00E+16	1.93E+15	4.81E+16	6.38	92.90	19.72	73.2	0.849	0.151	74.56701547	13.24628194	14.03498125	19.46329625	10.30891231	26.89839688	0	1	26.4	70	728	0.116
10	APEX	1351	3	JP-8	383	17.6	0.93	13.69	23.0	3.83E+16	1.59E+15	3.67E+16	8.46	77.56	20.94	56.6	NA	NA	NA	NA	13.7840175	20.51028214	10.5712616	30.57986	0	1	26.4	70	737	0.115
11	APEX	204	3	JP-8	383	17.6	0.93	13.69	25.0	3.75E+16	1.24E+15	3.62E+16	7.43	55.62	16.85	38.8	NA	NA	NA	NA	13.17216	19.3534675	10.72235333	24.36300333	0	1	26.4	70	773	0.125
12	APEX	216	3	JP-8	383	17.6	0.93	13.69	34.0	2.12E+16	1.10E+15	2.01E+16	6.79	85.38	30.92	54.5	0.755	0.245	49.35951183	15.99771552	14.90528167	25.12589167	11.83083167	34.17126167	0	1	26.7	70	778	0.121
13	APEX	253	3	JP-8	383	17.6	0.93	13.69	34.0	3.29E+16	9.46E+14	3.19E+16	5.66	81.40	20.53	60.9	0.387	0.613	28.26713668	44.78453552	14.60407	23.55572333	11.460974	26.98677	0	1	26.4	70	777	0.121
14	APEX	233	3	Sulfur	1595	17.3	1.31	13.67	34.0	7.02E+16	3.28E+15	6.69E+16	5.76	166.60	27.21	139.4	NA	NA	NA	NA	16.23196	20.89045571	11.66268143	20.34731	0	1	26.5	69	767	0.112
15	APEX	223	3	Sulfur	1595	17.3	1.31	13.67	26.0	7.13E+16	3.53E+15	6.78E+16	6.79	149.63	21.87	127.8	NA	NA	NA	NA	15.14999	19.93560833	10.588718	16.963704	0	1	26.4	69	757	0.114
16	APEX	160	3	Aromatic	530	21.8	1.34	13.7	28.0	4.05E+16	1.14E+15	3.93E+16	3.60	113.26	19.74	93.5	0.639	0.361	71.67814456	40.55005956	12.623725	19.727155	10.323375	34.34085	0	1	26.1	69	754	0.110
17	APEX	228	3	Aromatic	530	21.8	1.34	13.7	20.0	5.67E+16	2.92E+15	5.38E+16	6.21	125.87	16.65	109.2	0.803	0.197	105.1840779	25.88038622	14.89155429	19.35128286	10.635284	19.557498	0	1	26.5	68	744	0.115
18	APEX	408	3	Sulfur	1595	17.3	1.31	13.67	23.0	7.74E+16	4.86E+15	7.25E+16	52.42	124.59	29.85	94.7	0.789	0.211	89.73279524	23.95708553	14.91248167	22.40782333	11.185556	24.745736	0	1	26.5	69	830	0.123
19	APEX	116	3	Sulfur	1595	17.3	1.31	13.67	24.0	6.72E+16	1.10E+14	6.71E+16	NA	142.49	7.47	135.0	NA	NA	NA	NA	14.58587	18.868445	11.94713	38.43597	0	1	26.5	70	786	0.116
20	APEX	294	3	Sulfur	1595	17.3	1.31	13.67	24.0	5.23E+16	2.72E+15	4.96E+16	53.42	99.57	14.92	84.6	0.776	0.224	78.81631317	22.75846743	14.818285	19.96186	10.969362	18.261146	0	1	26.5	69	796	0.116
21	APEX	623	3	Sulfur	1595	17.3	1.31	13.67	24.0	4.21E+16	1.50E+15	4.06E+16	9.68	62.13	13.71	48.4	0.762	0.238	44.28040687	13.81977526	13.93822625	20.45058375	10.66782375	29.01794625	0	1	26.5	70	817	0.123
22	APEX	618	3	Sulfur	1595	17.3	1.31	13.67	23.0	5.07E+16	2.12E+15	4.86E+16	10.82	72.32	14.55	57.8	0.789	0.211	54.68586012	14.63882735	13.97518533	20.10335933	10.94655077	28.51024692	0	1	26.5	70	798	0.118
23	AAFEX-I	150	2	JP-8	1148	18.6	1.6	13.6	5.4	3.80E+16	1.64E+15	3.64E+16	16.40	179.45	17.29	162.2	NA	NA	NA	NA	16.9736	24.2841	11.861	33.5788	1	0	NA	NA	NA	0.138
24	AAFEX-I	160	3	JP-8	1148	18.6	1.6	13.6	5.6	4.34E+16	1.35E+15	4.20E+16	9.56	157.62	10.80	146.8	NA	NA	NA	NA	15.8443	21.8287	11.4075	29.6578	0	1	25.4	62	718	0.152
25	AAFEX-I	105	2	JP-8	1148	18.6	1.6	13.6	6.3	3.95E+16	2.42E+15	3.71E+16	18.75	171.75	45.60	126.1	NA	NA	NA	NA	18.7575	33.3892	11.9621	84.7464	1	0	NA	NA	NA	0.138
26	AAFEX-I	91	3	JP-8	1148	18.6	1.6	13.6	6.0	4.04E+16	1.95E+15	3.84E+16	10.94	139.90	35.32	104.6	NA	NA	NA	NA	17.8576	28.509	11.405	102.396	0	1	65.2	64	718	0.152
27	AAFEX-I	170	3	JP-8	1148	18.6	1.6	13.6	8.7	5.07E+16	2.11E+15	4.86E+16	12.08	144.87	14.66	130.2	NA	NA	NA	NA	14.4041	20.6676	11.3778	32.8489	0	1	25.2	62	734	0.151
28	AAFEX-I	135	2	JP-8	1148	18.6	1.6	13.6	8.7	4.38E+16	2.38E+15	4.14E+16	18.84	193.40	24.68	168.7	NA	NA	NA	NA	16.8489	25.1993	11.9543	33.2058	1	0	NA	NA	NA	0.137
29	AAFEX-I	122	2	JP-8	1148	18.6	1.6	13.6	9.6	1.58E+16	2.32E+15	1.35E+16	17.12	183.43	21.95	161.5	NA	NA	NA	NA	17.1932	25.0185	11.8966	29.584	1	0	NA	NA	NA	0.124
30	AAFEX-I	330	3	JP-8	1148	18.6	1.6	13.6	9.7	4.93E+16	1.94E+15	4.74E+16	8.26	160.43	12.93	147.5	NA	NA	NA	NA	15.5206	21.0169	11.2775	25.9524	0	1	25.2	62	700	0.151
31	AAFEX-I	179	3	JP-8	1148	18.6	1.6	13.6	10.2	6.06E+16	2.08E+15	5.85E+16	9.94	174.45	13.34	161.1	NA	NA	NA	NA	14.7391	20.8811	11.6012	35.2298	0	1	25.2	62	709	0.151
32	AAFEX-I	148	3	JP-8	1148	18.6	1.6	13.6	-2.8	6.07E+16	2.24E+15	5.85E+16	16.86	270.47	25.29	245.2	NA	NA	NA	NA	17.2924	24.6927	11.517	33.2089	0	1	21.7	58	720	0.140
33	AAFEX-I	122	2	JP-8	1148	18.6	1.6	13.6	-2.6	4.53E+16	2.53E+15	4.27E+16	26.21	276.34	32.64	243.7	NA	NA	NA	NA	18.1866	27.0919	11.9324	35.2161	1	0	NA	NA	NA	0.126
34	AAFEX-I	123	2	JP-8	1148	18.6	1.6	13.6	1.0	3.97E+16	1.48E+16	2.49E+16	23.76	223.98	100.92	123.1	NA	NA	NA	NA	17.9878	26.3205	15.0657	26.2365	1	0	NA	NA	NA	0.125
35	AAFEX-I	128	3	JP-8	1148	18.6	1.6	13.6	0.9	5.43E+16	NA	NA	20.09	229.29	117.20	112.1	NA	NA	NA	NA	16.633	23.9027	14.8137	24.4454	0	1	25.5	62	686	0.152
36	AAFEX-I	120	3	FT1	19	0	0	15.5	12.5	4.93E+15	2.01E+14	4.73E+15	2.94	20.50	7.54	13.0	0.538	0.462	8.367922741	7.186969259	11.3425	40.5924	12.788	43.1795	0	1	25.0	64	723	0.150
37	AAFEX-I	180	2	JP-8	1148	18.6	1.6	13.6	12.7	1.18E+16	2.02E+15	9.81E+15	15.92	158.12	27.83	130.3	NA	NA	NA	NA	16.8632	24.958	11.9313	35.5851	1	0	NA	NA	NA	0.137
38	AAFEX-I	140	2	JP-8	1148	18.6	1.6	13.6	14.4	3.16E+16	1.80E+15	2.98E+16	18.50	149.02	23.05	126.0	NA	NA	NA	NA	16.0289	23.3818	11.9708	36.199	1	0	NA	NA	NA	0.109
39	AAFEX-I	150	3	FT1	19	0	0	15.5	14.5	4.74E+15	3.39E+13	4.70E+15	5.08	27.78	5.12	22.7	0.778	0.222	21.16529385	6.027282148	14.422	24.2468	12.0237	44.583	0	1	25.0	64	712	0.137
40	AAFEX-I	150	3	FT1	19	0	0	15.5	15.1	4.21E+15	1.46E+13	4.20E+15	4.28	2.87	0.48	2.4	NA	NA	NA	NA	10.3813	46.6494	16.9348	86.1456	0	1	25.5	64	720	0.137
41	AAFEX-I	130	3	FT1	19	0	0	15.5	-0.6	4.97E+15	2.15E+13	4.95E+15	4.51	2.43	0.27	2.2	NA	NA	NA	NA	10.2868	11.9511	15.4661	31.743	0	1	25.6	62	703	0.154
42	AAFEX-I	190	2	JP-8	1148	18.6	1.6	13.6	-0.5	4.24E+16	2.32E+15	4.00E+16	22.26	204.57	18.21	186.4	NA	NA	NA	NA	18.3613	24.1788	12.0195	22.2901	1	0	NA	NA	NA	0.140
43	AAFEX-I	120	2	JP-8	1148	18.6	1.6	13.6	1.4	4.31E+16	2.25E+15	4.09E+16	20.17	216.60	18.87	197.7	NA	NA	NA	NA	17.9985	23.9161	11.6782	21.2211	1	0	NA	NA	NA	0.125
44	AAFEX-I	150	3	FT1	19	0	0	15.5	1.6	7.52E+15	2.49E+13	7.50E+15	3.58	35.88	2.72	33.2	0.957	0.043	38.06938279	1.724309212	13.9192	21.7872	11.7753	21.6866	0	1	25.4	64	678	0.138
45	AAFEX-I	150	3	FT1	19	0	0	15.5	4.5	6.68E+15	2.37E+13	6.65E+15	4.33	5.03	0.14	4.9	0.899	0.101	5.270497723	0.593409077	10.6024	12.2232	16.1512	32.4073	0	1	25.3	64	695	0.137
46	AAFEX-I	110	3	BlendFT1	699	8	0.8	14.5	0.2	3.53E+16	6.61E+14	3.46E+16	6.05	75.12	1.30	73.8	NA	NA	NA	NA	13.6724	16.9458	11.3505	20.8771	0	1	25.5	62	703	0.153
47	AAFEX-I	120	2	JP-8	1148	18.6	1.6	13.6	0.5	4.03E+16	1.99E+15	3.83E+16	23.17	165.81	12.53	153.3	NA	NA	NA	NA	16.5076	22.5146	12.0184	22.4996	1	0	NA	NA	NA	0.139
48	AAFEX-I	220	2	JP-8	1148	18.6	1.6	13.6	6.8	6.16E+15	2.13E+15	4.03E+15	27.71	185.57	15.27	170.3	NA	NA	NA	NA	17.377	23.2136	11.8612	21.1962	1	0	NA	NA	NA	0.124
49	AAFEX-I	130	3	BlendFT1	699	8	0.8	14.5	7.0	3.42E+16	8.13E+14	3.34E+16	10.28	73.55	1.46	72.1	NA	NA	NA	NA	13.5517	16.8543	11.3327	19.5378	0	1	25.2	62	689	0.137
50	AAFEX-I	100	3	BlendFT1	699	8	0.8	14.5	9.1	3.59E+16	8.16E+14	3.51E+16	5.66	57.08	0.83	56.2	NA	NA	NA	NA	12.4822	15.1544	11.9259	22.9686	0	1	25.2	62	708	0.150
51	AAFEX-I	140	3	FT2	22	0.6	0	15.1	14.4	5.84E+15	3.99E+13	5.80E+15	2.41	11.11	0.77	10.3	NA	NA	NA	NA	13.0914	20.3962	12.7358	29.1372	0	1	25.2	64	729	0.149
52	AAFEX-I	140	2	JP-8	1148	18.6	1.6	13.6	14.5	2.89E+16	1.55E+15	2.74E+16	16.53	81.28	13.47	67.8	NA	NA	NA	NA	15.2856	22.4083	12.572	27.8276	1	0	NA	NA	NA	0.136
53	AAFEX-I	130	2	JP-8	1148	18.6	1.6	13.6	17.8	1.75E+16	9.32E+14	1.66E+16	10.72	33.88	3.14	30.7	NA	NA	NA	NA	13.0238	19.0499	12.1327	28.7668	1	0	NA	NA	NA	0.109
54	AAFEX-I	180	3	FT2	22	0.6	0	15.1	17.7	7.01E+15	2.13E+14	6.80E+15	12.78	8.57	2.19	6.4	0.365	0.635	2.796697698	4.865554302	11.9582	17.4538	10.7745	15.8232	0	1	24.9	64	715	0.136
55	AAFEX-I	132	3	FT2	22	0.6	0	15.1	18.1	2.16E+15	9.78E+14	1.18E+15	NA	NA	NA	NA	NA	NA	NA	NA	12.625	17.9236	13.0926	27.2013	0	1	24.8	64	727	0.149
56	AAFEX-I	150	3	FT2	22	0.6	0	15.1	-1.3	5.39E+15	6.11E+13	5.33E+15	3.55	45.58	2.90	42.7	0.983	0.017	50.34285425	0.868393747	14.7575	24.7967	12.5346	33.9164	0	1	25.2	62	709	0.148
57	AAFEX-I	130	2	JP-8	1148	18.6	1.6	13.6	-1.4	3.30E+16	2.18E+15	3.08E+16	24.58	217.25	20.85	196.4	0.987	0.013	232.6492666	3.022693364	17.6054	25.3101	12.3593	31.8425	1	0	NA	NA	NA	0.127
58	AAFEX-I	120	2	JP-8	1148	18.6	1.6	13.6	-1.5	3.38E+16	1.96E+15	3.18E+16	16.25	211.61	16.22	195.4	0.988	0.012	231.5936145	2.867305514	17.5003	24.1154	11.8461	27.7598	1	0	NA	NA	NA	0.125
59	AAFEX-I	170	3	FT2	22	0.6	0	15.1	-1.1	8.94E+15	7.16E+13	8.87E+15	3.34	39.74	3.00	36.7	NA	NA	NA	NA	13.0604	22.1293	11.9762	31.9476	0	1	25.2	64	681	0.139
60	AAFEX-I	190	2	JP-8	1148	18.6	1.6	13.6	9.0	3.53E+16	1.77E+15	3.35E+16	18.75	151.61	17.53	134.1	0.999	0.001	160.7424797	0.150880318	16.488	24.2578	12.0358	30.8713	1	0	NA	NA	NA	0.467
61	AAFEX-I	170	3	BlendFT2	658	9.1	0.8	14.3	9.1	3.02E+16	7.35E+14	2.94E+16	5.03	74.62	3.46	71.2	0.989	0.011	84.48645744	0.903430563	13.4274	18.3502	11.7634	35.6198	0	1	63.3	86	812	0.467
62	AAFEX-I	160	2	JP-8	1148	18.6	1.6	13.6	11.3	3.41E+16	1.83E+15	3.23E+16	17.88	162.01	15.37	146.6	NA	NA	NA	NA	16.5528	23.402	11.8961	29.3544	1	0	NA	NA	NA	0.657
63	AAFEX-I	280	3	BlendFT2	658	9.1	0.8	14.3	11.6	3.05E+16	7.26E+14	2.98E+16	5.40	63.19	2.20	61.0	NA	NA	NA	NA	13.0108	16.7906	11.3152	32.3355	0	1	74.1	90	878	0.657
64	AAFEX-I	140	3	BlendFT2	658	9.1	0.8	14.3	13.0	2.94E+16	7.37E+14	2.86E+16	4.05	62.16	2.27	59.9	NA	NA	NA	NA	12.8986	16.6029	11.9947	39.2369	0	1	21.1	58	740	0.138
65	AAFEX-I	140	2	JP-8	1148	18.6	1.6	13.6	13.3	3.30E+16	1.83E+15	3.12E+16	16.71	160.61	17.26	143.4	NA	NA	NA	NA	16.41	23.6912	12.0727	29.7656	1	0	NA	NA	NA	0.110
66	AAFEX-I	155	2	JP-8	1148	18.6	1.6	13.6	19.3	2.94E+16	1.80E+15	2.76E+16	19.69	129.76	19.47	110.3	NA	NA	NA	NA	15.5567	23.4023	12.1797	35.533	1	0	NA	NA	NA	0.136
67	AAFEX-I	150	3	JP-8	1148	18.6	1.6	13.6	19.4	3.85E+16	1.59E+15	3.69E+16	14.34	120.68	11.92	108.8	NA	NA	NA	NA	14.5874	20.2705	11.5862	32.0885	0	1	24.8	62	741	0.150
68	AAFEX-I	120	3	JP-8	1148	18.6	1.6	13.6	19.5	4.01E+16	1.60E+15	3.85E+16	6.53	150.43	34.60	115.8	NA	NA	NA	NA	14.1251	27.1675	11.9499	60.721	0	1	24.8	62	722	0.150
69	AAFEX-I	190	3	JP-8	1148	18.6	1.6	13.6	19.7	NA	NA	NA	NA	NA	NA	NA	NA	NA	NA	NA	13.7653	22.8712	11.9808	39.6949	0	1	24.8	62	722	0.150
70	AAFEX-I	150	2	JP-8	1148	18.6	1.6	13.6	19.9	2.91E+16	1.67E+15	2.75E+16	14.33	117.77	16.85	100.9	NA	NA	NA	NA	15.2292	22.9016	12.0341	35.1628	1	0	NA	NA	NA	0.123
71	AAFEX-II	130	2	JP-8	188	21.8	1.3	13.5	26.1	8.70E+15	1.37E+16	-4.95E+15	3.18	21.03	NA	NA	0.892	0.108	NA	NA	11.7603	22.1763	NA	NA	1	0	NA	NA	NA	NA
72	AAFEX-II	180	3	BlendHRJ	276	10.2	0.65	14.4	26.1	8.19E+15	1.17E+16	-3.54E+15	4.81	17.06	NA	NA	0.879	0.121	NA	NA	11.004	20.4348	NA	NA	0	1	NA	NA	NA	NA
73	AAFEX-II	110	3	JP-8	188	21.8	1.3	13.5	28.3	9.68E+15	7.62E+14	8.92E+15	5.47	26.32	NA	NA	NA	NA	NA	NA	11.6897	25.1928	NA	NA	0	1	NA	NA	NA	NA
74	AAFEX-II	161	3	JP-8	188	21.8	1.3	13.5	30.6	1.65E+16	1.35E+15	1.51E+16	11.03	43.82	NA	NA	0.897	0.103	NA	NA	13.1541	23.7266	NA	NA	0	1	NA	NA	NA	NA
75	AAFEX-II	98	3	JP-8	188	21.8	1.3	13.5	30.6	1.02E+16	9.20E+14	9.25E+15	5.83	28.99	NA	NA	0.879	0.121	NA	NA	11.6283	26.7048	NA	NA	0	1	NA	NA	NA	NA
76	AAFEX-II	190	2	JP-8	188	21.8	1.3	13.5	10.0	1.66E+16	1.05E+15	1.56E+16	15.07	58.02	10.67	47.3	0.875	0.125	49.710675	7.101525	16.9684	29.4083	13.8213	39.4405	1	0	NA	NA	NA	NA
77	AAFEX-II	152	3	JP-8	188	21.8	1.3	13.5	10.0	NA	7.50E+14	NA	8.19	44.39	4.54	39.9	0.845	0.155	40.42992029	7.39289971	15.8824	24.2561	12.1254	34.3187	0	1	NA	NA	NA	NA
78	AAFEX-II	380	3	JP-8	188	21.8	1.3	13.5	17.2	2.42E+16	1.00E+15	2.32E+16	9.77	53.14	4.08	49.1	0.821	0.179	48.33064746	10.54486854	13.815	21.3776	11.8216	35.9873	0	1	NA	NA	NA	NA
79	AAFEX-II	145	3	JP-8	188	21.8	1.3	13.5	17.8	2.19E+16	1.29E+16	9.04E+15	9.32	48.32	NA	NA	0.814	0.186	NA	NA	13.3819	21.1288	NA	NA	0	1	NA	NA	NA	NA
80	AAFEX-II	160	2	JP-8	188	21.8	1.3	13.5	17.8	1.81E+16	1.31E+15	1.68E+16	20.18	62.18	13.22	49.0	0.754	0.246	44.27295296	14.48180704	14.3941	30.1762	14.4981	39.746	1	0	NA	NA	NA	NA
81	AAFEX-II	140	3	JP-8	188	21.8	1.3	13.5	16.7	1.67E+16	7.96E+14	1.59E+16	8.03	38.50	5.00	33.5	0.730	0.270	29.32347804	10.86990996	12.4591	24.6597	13.5112	43.9768	0	1	NA	NA	NA	NA
82	AAFEX-II	475	3	JP-8	188	21.8	1.3	13.5	17.2	2.05E+16	7.93E+14	1.97E+16	18.15	37.34	3.43	33.9	0.696	0.304	28.32185018	12.36438982	12.1605	25.3957	12.9967	51.8935	0	1	NA	NA	NA	NA
83	AAFEX-II	135	3	JP-8	188	21.8	1.3	13.5	17.2	1.99E+16	8.12E+14	1.91E+16	7.66	37.54	2.87	34.7	0.707	0.293	29.42657664	12.18023136	12.2549	25.8956	13.3801	37.4359	0	1	NA	NA	NA	NA
84	AAFEX-II	130	2	JP-8	188	21.8	1.3	13.5	6.1	1.98E+16	8.56E+14	1.90E+16	14.07	43.68	7.01	36.7	0.739	0.261	32.54159594	11.46797206	14.408	31.4255	14.1879	50.0541	1	0	NA	NA	NA	NA
85	AAFEX-II	155	3	HRJ	6	0.4	0	15.3	6.7	7.61E+15	2.42E+14	7.37E+15	4.22	13.88	1.80	12.1	0.706	0.294	10.23127624	4.263031765	11.5683	40.0021	13.053	77.895	0	1	NA	NA	NA	NA
86	AAFEX-II	675	3	HRJ	6	0.4	0	15.3	11.7	9.13E+15	3.24E+14	8.80E+15	5.34	65.14	6.32	58.8	0.726	0.274	51.23721649	19.34831951	14.3396	38.5134	17.9511	108.391	0	1	NA	NA	NA	NA
87	AAFEX-II	187	3	HRJ	6	0.4	0	15.3	11.7	6.40E+15	4.59E+13	6.36E+15	9.30	NA	0.89	NA	0.645	0.355	NA	NA	NA	NA	24.9108	84.0566	0	1	NA	NA	NA	NA
88	AAFEX-II	145	2	JP-8	188	21.8	1.3	13.5	16.7	2.31E+16	1.20E+15	2.19E+16	16.38	65.84	10.78	55.1	0.735	0.265	48.5421649	17.5291151	14.9777	30.6275	14.0548	42.7585	1	0	NA	NA	NA	NA
89	AAFEX-II	130	3	HRJ	6	0.4	0	15.3	16.7	4.45E+15	4.72E+13	4.40E+15	5.83	3.02	0.19	2.8	0.648	0.352	2.200452224	1.193709376	10.2327	17.3212	15.0785	51.879	0	1	NA	NA	NA	NA
90	AAFEX-II	560	3	HRJ	6	0.4	0	15.3	17.2	4.77E+15	3.07E+13	4.74E+15	2.98	6.31	0.45	5.9	0.654	0.346	4.594311881	2.434072519	10.1994	72.5404	19.5419	101.205	0	1	NA	NA	NA	NA
91	AAFEX-II	130	3	HRJ	6	0.4	0	15.3	18.9	3.53E+15	2.25E+13	3.51E+15	1.25	5.26	0.13	5.1	0.675	0.325	4.159584717	2.004979683	10.0315	77.204	18.2409	57.8939	0	1	NA	NA	NA	NA
92	AAFEX-II	140	2	JP-8	188	21.8	1.3	13.5	21.1	1.59E+16	1.12E+15	1.48E+16	13.85	44.49	9.16	35.3	0.733	0.267	31.0913152	11.3059328	13.8847	28.986	14.5489	40.7791	1	0	NA	NA	NA	NA
93	AAFEX-II	150	3	HRJ	6	0.4	0	15.3	21.1	1.51E+15	2.13E+13	1.49E+15	1.26	3.85	0.32	3.5	0.706	0.294	2.988700704	1.241784096	11.5872	49.9397	10.9657	41.8405	0	1	NA	NA	NA	NA
94	AAFEX-II	202	3	HRJ	6	0.4	0	15.3	23.9	1.94E+15	1.64E+13	1.92E+15	5.64	2.26	0.25	2.0	0.678	0.322	1.633300354	0.777134846	9.84378	100.646	12.7849	55.2033	0	1	NA	NA	NA	NA
95	AAFEX-II	115	3	HRJ	6	0.4	0	15.3	23.3	1.16E+15	1.41E+13	1.15E+15	7.74	1.43	0.47	1.0	0.724	0.276	0.835541972	0.317869228	10.0373	125.87	17.4825	192.377	0	1	NA	NA	NA	NA
96	AAFEX-II	135	2	JP-8	188	21.8	1.3	13.5	11.7	2.21E+16	1.15E+15	2.09E+16	16.92	71.42	10.00	61.4	0.788	0.212	58.08410543	15.61605457	15.4987	32.5252	13.6355	42.2485	1	0	NA	NA	NA	NA
97	AAFEX-II	154	3	FT	4	1.4	0	15	11.7	6.05E+15	5.90E+13	5.99E+15	2.54	11.11	0.60	10.5	0.724	0.276	9.122744409	3.484063191	10.4539	57.1963	14.0586	109.562	0	1	NA	NA	NA	NA
98	AAFEX-II	155	3	FT	4	1.4	0	15	13.9	2.31E+15	1.10E+13	2.29E+15	1.70	4.32	0.46	3.9	NA	NA	NA	NA	10.3902	58.5166	18.2949	144.958	0	1	NA	NA	NA	NA
99	AAFEX-II	145	3	FT	4	1.4	0	15	14.4	4.23E+15	2.72E+13	4.20E+15	1.80	9.60	0.56	9.0	0.677	0.323	7.344108609	3.502051791	10.1465	89.2006	18.9404	102.537	0	1	NA	NA	NA	NA
100	AAFEX-II	110	3	BlendHRJ	276	10.2	0.65	14.4	22.2	1.33E+16	4.25E+14	1.29E+16	2.70	22.88	38.73	-15.9	NA	NA	NA	NA	11.5976	33.7504	38.0363	70.9195	0	1	NA	NA	NA	NA
101	AAFEX-II	140	3	BlendHRJ	276	10.2	0.65	14.4	23.9	1.42E+16	5.34E+14	1.36E+16	8.84	26.86	0.36	26.5	0.706	0.294	22.46184797	9.335994426	12.1678	23.6524	13.2969	42.5852	0	1	NA	NA	NA	NA
102	AAFEX-II	120	3	BlendHRJ	276	10.2	0.65	14.4	24.4	1.44E+16	8.85E+14	1.35E+16	10.42	25.86	1.05	24.8	0.759	0.241	22.59710521	7.184050789	12.6271	20.6318	11.5905	50.3433	0	1	NA	NA	NA	NA
103	AAFEX-II	120	2	JP-8	188	21.8	1.3	13.5	9.4	1.48E+16	1.29E+15	1.35E+16	17.46	59.60	10.25	49.4	0.905	0.095	53.57402018	5.653539818	16.2528	30.9613	13.9241	42.4731	1	0	NA	NA	NA	NA
104	AAFEX-II	150	3	FTS	1083	2.1	0	15	9.4	2.01E+16	3.61E+14	1.97E+16	7.09	32.44	1.17	31.3	0.867	0.133	32.5189592	5.0029168	13.4374	21.4285	11.6699	125.479	0	1	NA	NA	NA	NA
105	AAFEX-II	425	3	FTS	1083	2.1	0	15	14.4	2.08E+16	2.60E+14	2.06E+16	12.06	37.52	2.03	35.5	0.854	0.146	36.372864	6.215616	12.9705	23.918	17.767	145.983	0	1	NA	NA	NA	NA
106	AAFEX-II	150	2	JP-8	188	21.8	1.3	13.5	15.0	1.49E+16	1.10E+15	1.38E+16	17.03	67.33	9.22	58.1	0.927	0.073	64.61874672	5.109389276	16.04	29.7251	13.2778	47.7473	1	0	NA	NA	NA	NA
107	AAFEX-II	90	2	JP-8	188	21.8	1.3	13.5	17.8	9.40E+15	3.01E+14	9.10E+15	21.18	78.63	10.83	67.8	0.689	0.311	56.04199898	25.32268102	17.4282	31.6847	22.4408	64.2701	1	0	NA	NA	NA	NA
108	AAFEX-II	190	3	FTS	1083	2.1	0	15	17.8	2.06E+16	2.92E+14	2.03E+16	5.94	39.30	1.45	37.9	0.863	0.137	39.21760853	6.203915473	13.1139	21.6826	16.0911	153.487	0	1	NA	NA	NA	NA
109	AAFEX-II	120	2	JP-8	188	21.8	1.3	13.5	26.7	1.41E+16	6.89E+14	1.34E+16	3.52	22.78	1.40	21.4	0.853	0.147	21.87646233	3.778661674	12.1922	20.008	12.956	43.6091	1	0	NA	NA	NA	NA
110	AAFEX-II	115	3	BlendHRJ	276	10.2	0.65	14.4	26.7	8.24E+15	3.72E+14	7.86E+15	2.71	10.43	0.58	9.8	0.813	0.187	9.61317544	2.20630256	10.667	20.1704	13.5901	83.6893	0	1	NA	NA	NA	NA
111	AAFEX-II	380	3	BlendHRJ	276	10.2	0.65	14.4	28.3	9.12E+15	4.30E+14	8.69E+15	4.35	11.82	0.73	11.1	NA	NA	NA	NA	11.0142	19.5055	13.5779	98.3976	0	1	NA	NA	NA	NA
112	AAFEX-II	317	3	BlendHRJ	276	10.2	0.65	14.4	28.3	4.73E+15	1.00E+14	4.63E+15	3.80	10.34	1.22	9.1	NA	NA	NA	NA	10.8625	24.2462	16.2472	84.5864	0	1	NA	NA	NA	NA
113	ACCESS-I	480	2	BlendHEFA	500	8	0.9	14.4	17.7	7.85E+16	1.12E+16	6.73E+16	5.19	79.47	11.96	67.5	0.878	0.122	71.13559172	9.875088285	14.2451	18.6786	14.1019	73.7062	1	0	25.0	NA	705.00	0.104
114	ACCESS-I	420	2	JP-8	800	16	1.4	13.9	13.7	9.71E+16	1.19E+16	8.53E+16	15.85	130.40	59.63	70.8	0.864	0.136	73.4064313	11.5212887	15.2432	21.5115	14.3457	64.2253	1	0	25.0	NA	717.00	0.111
115	ACCESS-I	600	3	BlendHEFA	500	8	0.9	14.4	14.1	3.93E+16	7.37E+15	3.20E+16	1.50	71.01	44.75	26.3	0.899	0.101	28.33897829	3.182021714	16.9566	23.1818	13.6681	78.7203	0	1	25.0	NA	723.00	0.113
																														
																														
																														
																														
																														
																														
