ID	Mission	nPoints	Engine	Fuel	Sulfur	Aromatics	Naph	Hydrogen	TempC	ColdEIn	HotEIn	VolEIn	mBC	ColdV	HotV	VolV	Org_Fract	SO4_Fract	mOrg	mSO4	ColdGMD	ColdVMD	HotGMD	HotVMD	Engine2	Engine3	N1	N2	EGT	FF	
1	APEX	161	3	JP-8	383	17.6	0.93	13.69	31	2.69E+15	2.99E+14	2.39E+15	92.620	239.3	152.2	87.1	NA	NA	NA	NA	21.9067225	69.92223	28.485175	76.8000625	0	1	83.5	98.0	1013	0.785	
2	APEX	138	3	JP-8	383	17.6	0.93	13.69	24	3.99E+15	3.77E+14	3.61E+15	116.013	203.8	130.2	73.6	0.789565139	0.210434861	69.69920541	18.57622873	14.232235	72.75549	27.322235	77.09172	0	1	83.0	97.0	1024	0.784	
3	APEX	177	3	JP-8	383	17.6	0.93	13.69	33	1.60E+15	2.54E+14	1.34E+15	64.553	124.6	85.5	39.1	0.668787245	0.331212755	31.36506886	15.53335673	20.040415	72.7176225	26.36072	73.64013	0	1	83.0	90.0	1008	0.747	
4	APEX	228	3	JP-8	383	17.6	0.93	13.69	23	8.88E+15	3.70E+14	8.51E+15	81.232	173.3	111.9	61.4	NA	NA	NA	NA	12.73601286	60.81747286	24.27741429	74.17045143	0	1	83.0	96.0	1000	0.787	
5	APEX	178	3	Sulfur	1595	17.3	1.31	13.67	32	3.38E+15	2.98E+14	3.08E+15	80.671	167.2	98.0	69.2	NA	NA	NA	NA	15.352868	66.590468	26.181484	73.966836	0	1	83.0	95.0	1036	0.753	
6	APEX	221	3	Sulfur	1595	17.3	1.31	13.67	25	1.90E+16	3.22E+14	1.87E+16	75.786	175.1	89.2	85.9	0.511227182	0.488772818	52.66888903	50.35554097	14.47577833	45.825695	22.55627833	72.59478667	0	1	83.0	93.0	1010	0.757	
7	APEX	182	3	Aromatic	530	21.8	1.34	13.7	28	5.66E+15	2.92E+14	5.37E+15	78.624	134.8	97.4	37.4	0.693196275	0.306803725	31.10440309	13.76658684	12.25101	65.895792	29.520005	75.0158225	0	1	83.0	95.0	1020	0.748	
8	APEX	260	3	Aromatic	530	21.8	1.34	13.7	22	1.04E+16	4.14E+14	9.97E+15	101.350	215.0	136.8	78.2	0.702499859	0.297500141	65.92805953	27.91973085	12.97729714	61.91188857	23.07103714	76.73584714	0	1	83.5	94.0	1033	0.814	
9	APEX	131	3	Sulfur	1595	17.3	1.31	13.67	24	1.65E+16	3.45E+14	1.62E+16	108.880	250.2	133.8	116.4	0.468370966	0.531629034	65.42490248	74.26117372	14.23172	55.704235	26.8015325	78.645765	0	1	83.5	96.0	1051	0.781	
10	AAFEX-I	155	2	JP-8	1148	18.6	1.6	13.6	5.9	1.6E+16	5.9E+14	1.52E+16	81.4	131.5	66.0	65.4	NA	NA	NA	NA	14.2807	55.8435	22.9766	102.873	1	0	NA	NA	NA	0.880	
11	AAFEX-I	350	3	JP-8	1148	18.6	1.6	13.6	5.9	1.7E+16	5.3E+14	1.60E+16	64.2	116.9	60.4	56.5	NA	NA	NA	NA	12.8791	51.5693	21.2433	103.381	0	1	83.6	92.0	971	0.880	
12	AAFEX-I	150	3	JP-8	1148	18.6	1.6	13.6	9.6	1.9E+16	9.4E+14	1.76E+16	144.6	198.3	107.7	90.6	0.603429036	0.396570964	65.61783884	43.12376116	13.3679	64.9286	27.643	101.794	0	1	83.4	95.0	989	0.934	
13	AAFEX-I	190	2	JP-8	1148	18.6	1.6	13.6	9.4	1.7E+16	8.5E+14	1.66E+16	130.0	204.0	110.8	93.2	0.606990215	0.393009785	67.88651403	43.95468597	14.7915	63.5624	28.3384	104.065	1	0	NA	NA	NA	0.906	
14	AAFEX-I	90	3	JP-8	1148	18.6	1.6	13.6	9.8	1.8E+16	1.0E+15	1.69E+16	158.4	229.7	125.9	103.8	0.543155368	0.456844632	67.66651299	56.91388701	13.844	69.4236	28.6676	95.7659	0	1	83.4	93.0	1001	0.933	
15	AAFEX-I	125	3	JP-8	1148	18.6	1.6	13.6	-3.1	2.5E+16	1.2E+15	2.43E+16	148.5	239.8	142.8	97.1	0.661675481	0.338324519	77.06031457	39.40208543	14.2393	57.9679	26.4407	102.627	0	1	84.7	91.0	962	0.947	
16	AAFEX-I	137	2	JP-8	1148	18.6	1.6	13.6	-3.0	2.0E+16	1.0E+15	1.91E+16	137.9	231.7	137.5	94.2	0.723535853	0.276464147	81.78501985	31.25018015	15.1787	59.3895	26.8832	103.566	1	0	NA	NA	NA	0.920	
17	AAFEX-I	123	3	JP-8	1148	18.6	1.6	13.6	1.1	2.3E+16	5.5E+15	1.76E+16	140.1	232.2	209.9	22.3	0.730002546	0.269997454	19.51209204	7.216707959	14.1408	59.4218	14.2275	71.7741	0	1	83.9	91.0	961	0.885	
18	AAFEX-I	160	3	FT1	19	0	0	15.5	14.2	4.9E+14	2.3E+14	2.62E+14	14.3	52.4	31.0	21.4	0.899977576	0.100022424	23.13323962	2.57100038	14.8202	58.9546	26.9612	80.2852	0	1	82.5	94.0	982	0.820	
19	AAFEX-I	130	2	JP-8	1148	18.6	1.6	13.6	14.0	1.6E+16	7.4E+14	1.52E+16	104.7	164.9	91.5	73.4	0.568705247	0.431294753	50.08562084	37.98393916	14.3966	58.4013	27.4586	85.4052	1	0	NA	NA	NA	0.820	
20	AAFEX-I	120	3	FT1	19	0	0	15.5	14.8	5.2E+14	2.5E+14	2.66E+14	15.2	13.7	9.0	4.7	NA	NA	NA	NA	24.8901	59.8132	25.8081	61.5774	0	1	82.5	94.0	985	0.848	
21	AAFEX-I	140	3	FT1	19	0	0	15.5	1.0	7.2E+14	2.9E+14	4.32E+14	17.6	29.7	18.1	11.6	NA	NA	NA	NA	17.1383	56.683	26.3213	70.9995	0	1	84.7	94.0	968	0.916	
22	AAFEX-I	150	2	JP-8	1148	18.6	1.6	13.6	1.0	6.4E+15	9.1E+14	5.49E+15	125.3	182.3	93.1	89.2	0.529100051	0.470899949	56.65188528	50.42027472	15.3076	54.4952	25.584	83.2283	1	0	NA	NA	NA	0.916	
23	AAFEX-I	120	3	FT1	19	0	0	15.5	2.3	7.0E+14	3.0E+14	3.98E+14	21.0	23.5	15.2	8.3	0.849830509	0.150169491	8.467575222	1.496264778	25.4541	62.8682	26.9539	65.5176	0	1	84.4	94.0	974	0.912	
24	AAFEX-I	130	3	BlendFT1	699	8	0.8	14.5	3.1	1.1E+16	5.8E+14	1.09E+16	52.7	77.3	37.0	40.3	NA	NA	NA	NA	12.4326	46.1375	24.0638	75.5485	0	1	83.5	93.0	972	0.894	
25	AAFEX-I	160	2	JP-8	1148	18.6	1.6	13.6	3.7	1.7E+16	8.8E+14	1.64E+16	122.8	196.9	87.7	109.3	NA	NA	NA	NA	15.2436	57.8915	25.4834	85.6814	1	0	NA	NA	NA	0.894	
26	AAFEX-I	140	3	BlendFT1	699	8	0.8	14.5	7.6	1.1E+16	5.6E+14	1.09E+16	51.9	90.2	49.5	40.7	NA	NA	NA	NA	12.5926	54.803	27.0819	70.0379	0	1	83.3	91.0	972	0.906	
27	AAFEX-I	140	3	FT2	22	0.6	0	15.1	17.0	7.7E+14	3.5E+14	4.14E+14	26.3	30.7	19.8	10.8	0.689014746	0.310985254	8.947325009	4.038354991	19.0194	62.2645	28.7757	71.1461	0	1	82.6	95.0	1006	0.869	
28	AAFEX-I	200	2	JP-8	1148	18.6	1.6	13.6	17.0	1.3E+16	6.9E+14	1.19E+16	96.8	136.5	72.0	64.6	0.557058375	0.442941625	43.15762969	34.31653031	14.1935	58.2998	27.9766	83.749	1	0	NA	NA	NA	0.869	
29	AAFEX-I	150	3	FT2	22	0.6	0	15.1	18.0	7.2E+14	3.3E+14	3.86E+14	27.2	23.4	13.5	9.9	NA	NA	NA	NA	25.9052	61.3777	27.7705	65.2393	0	1	82.5	95.0	1019	0.923	
30	AAFEX-I	150	3	FT2	22	0.6	0	15.1	-1.4	7.5E+14	3.3E+14	4.29E+14	21.5	38.4	18.9	19.5	0.917751402	0.082248598	21.45126429	1.922455707	16.9458	57.6594	26.687	72.5229	0	1	84.7	93.0	965	0.909	
31	AAFEX-I	120	2	JP-8	1148	18.6	1.6	13.6	-1.2	1.8E+16	9.2E+14	1.74E+16	114.6	189.5	80.0	109.4	0.682357903	0.317642097	89.59771416	41.70832584	15.2714	52.9172	25.5618	82.4626	1	0	NA	NA	NA	0.909	
32	AAFEX-I	160	3	BlendFT2	658	9.1	0.8	14.3	10.7	7.2E+15	5.3E+14	6.70E+15	50.3	87.0	44.3	42.7	0.686427899	0.313572101	35.18689818	16.07398182	12.5893	53.0863	21.7724	77.2823	0	1	87.6	96.0	1034	1.014	
33	AAFEX-I	140	2	JP-8	1148	18.6	1.6	13.6	10.8	1.6E+16	8.0E+14	1.51E+16	110.9	168.7	81.2	87.5	0.59708561	0.40291439	62.71147174	42.31780826	14.5708	56.7002	25.1657	84.4625	1	0	NA	NA	NA	1.014	
34	AAFEX-I	170	3	BlendFT2	658	9.1	0.8	14.3	12.0	6.5E+15	5.3E+14	5.98E+15	50.6	75.4	39.0	36.4	NA	NA	NA	NA	12.027	53.6145	24.0625	75.7798	0	1	52.7	82.0	751	0.342	
35	AAFEX-I	205	3	JP-8	1148	18.6	1.6	13.6	19.7	9.6E+15	7.9E+14	8.79E+15	99.9	138.6	86.1	52.5	NA	NA	NA	NA	12.6091	67.8606	28.4472	96.7255	0	1	81.8	96.0	1004	0.790	
36	AAFEX-II	130	3	JP-8	188	21.8	1.3	13.5	17	1.32E+15	5.41E+14	7.81E+14	75.7	56.7	37.2	19.5	0.816666667	0.183333333	19.149396	4.298844	24.5789	73.8035	29.5683	74.4758	0	1	NA	NA	NA	NA	
37	AAFEX-II	140	2	JP-8	188	21.8	1.3	13.5	17	1.44E+15	4.49E+14	9.96E+14	72.7	56.8	41.0	15.8	0.840909091	0.159090909	15.90882273	3.009777273	18.3929	75.8402	21.1042	76.7627	1	0	NA	NA	NA	NA	
38	AAFEX-II	125	3	JP-8	188	21.8	1.3	13.5	17	1.32E+15	5.96E+14	7.20E+14	84.5	66.2	45.1	21.1	0.808	0.192	20.48318784	4.86729216	28.6155	77.1188	30.4723	79.0541	0	1	NA	NA	NA	NA	
39	AAFEX-II	135	2	JP-8	188	21.8	1.3	13.5	18	2.16E+15	5.33E+14	1.63E+15	89.9	72.4	44.2	28.2	0.771084337	0.228915663	26.08738699	7.744693012	17.3043	76.1489	31.0865	79.6411	1	0	NA	NA	NA	NA	
40	AAFEX-II	110	3	JP-8	188	21.8	1.3	13.5	17	1.69E+15	5.58E+14	1.14E+15	79.3	62.4	40.1	22.3	0.759259259	0.240740741	20.32023778	6.443002222	23.2828	75.9999	29.882	76.6245	0	1	NA	NA	NA	NA	
41	AAFEX-II	120	3	JP-8	188	21.8	1.3	13.5	17	1.68E+15	5.59E+14	1.12E+15	77.7	62.6	41.1	21.4	0.751552795	0.248447205	19.34289466	6.394345342	23.2031	75.6516	29.9467	78.0431	0	1	NA	NA	NA	NA	
42	AAFEX-II	120	2	JP-8	188	21.8	1.3	13.5	9	3.35E+15	6.14E+14	2.74E+15	85.5	70.4	37.3	33.1	0.793548387	0.206451613	31.55345187	8.209028129	14.8895	71.861	30.3398	75.8352	1	0	NA	NA	NA	NA	
43	AAFEX-II	138	3	HRJ	6	0.4	0	15.3	10	6.51E+14	2.14E+14	4.36E+14	15.3	9.1	5.5	3.6	0.774509804	0.225490196	3.353791647	0.976420353	22.5077	66.0568	24.0183	59.7675	0	1	NA	NA	NA	NA	
44	AAFEX-II	130	3	HRJ	6	0.4	0	15.3	11	8.88E+14	2.42E+14	6.47E+14	16.6	11.3	6.6	4.7	0.738738739	0.261261261	4.152329297	1.468506703	21.0562	67.6379	24.4449	63.7547	0	1	NA	NA	NA	NA	
45	AAFEX-II	150	2	JP-8	188	21.8	1.3	13.5	17	2.54E+15	6.09E+14	1.93E+15	49.2	78.0	46.0	32.0	0.75862069	0.24137931	29.11237241	9.263027586	16.7915	78.169	31.7779	81.1865	1	0	NA	NA	NA	NA	
46	AAFEX-II	120	3	HRJ	6	0.4	0	15.3	17	6.48E+14	2.27E+14	4.21E+14	13.9	10.5	6.4	4.1	0.713114754	0.286885246	3.471881902	1.396734098	22.2806	68.4636	25.0395	59.7017	0	1	NA	NA	NA	NA	
47	AAFEX-II	155	3	HRJ	6	0.4	0	15.3	18	5.26E+14	2.28E+14	2.98E+14	15.3	10.0	6.6	3.5	0.767857143	0.232142857	3.197016214	0.966539786	23.6081	65.9478	25.2473	61.7093	0	1	NA	NA	NA	NA	
48	AAFEX-II	97	2	JP-8	188	21.8	1.3	13.5	23	1.34E+15	5.06E+14	8.38E+14	70.9	61.8	39.0	22.8	0.798657718	0.201342282	21.85252107	5.509038926	29.6084	77.8865	32.8103	77.4134	1	0	NA	NA	NA	NA	
49	AAFEX-II	145	3	HRJ	6	0.4	0	15.3	23	3.99E+14	1.98E+14	2.01E+14	12.8	9.0	5.8	3.2	0.789473684	0.210526316	2.985129474	0.796034526	21.4224	62.63	24.5317	59.6107	0	1	NA	NA	NA	NA	
50	AAFEX-II	125	3	HRJ	6	0.4	0	15.3	24	4.32E+14	2.04E+14	2.29E+14	12.7	8.9	5.8	3.1	0.795918367	0.204081633	2.933414449	0.752157551	23.6223	61.8924	24.7395	59.3054	0	1	NA	NA	NA	NA	
51	AAFEX-II	150	2	JP-8	188	21.8	1.3	13.5	13	2.54E+15	6.05E+14	1.94E+15	92.8	78.0	38.7	39.3	0.774358974	0.225641026	36.51914092	10.64133908	15.1826	75.7852	29.0773	75.6648	1	0	NA	NA	NA	NA	
52	AAFEX-II	170	3	FT	4	1.4	0	15	14	4.63E+14	2.31E+14	2.32E+14	16.5	12.0	6.6	5.4	0.755244755	0.244755245	4.886028755	1.583435245	23.2539	73.5411	24.585	59.1526	0	1	NA	NA	NA	NA	
53	AAFEX-II	200	3	FT	4	1.4	0	15	14	4.85E+14	2.49E+14	2.36E+14	18.0	12.7	7.1	5.6	0.729032258	0.270967742	4.915911174	1.827152826	23.7041	72.2099	24.9069	59.3184	0	1	NA	NA	NA	NA	
54	AAFEX-II	110	3	BlendHRJ	276	10.2	0.65	14.4	23	1.59E+15	4.30E+14	1.16E+15	45.0	41.9	21.9	20.1	0.740740741	0.259259259	17.84764444	6.246675556	14.6544	69.1092	27.1925	68.3652	0	1	NA	NA	NA	NA	
55	AAFEX-II	148	2	JP-8	188	21.8	1.3	13.5	14	2.30E+15	5.68E+14	1.74E+15	72.5	67.6	38.6	29.0	0.870748299	0.129251701	30.28459102	4.49536898	16.4898	75.9079	29.8988	77.6583	1	0	NA	NA	NA	NA	
56	AAFEX-II	170	3	FTS	1083	2.1	0	15	14	1.02E+16	2.54E+14	9.98E+15	16.0	51.6	6.5	45.2	0.693430657	0.306569343	37.5995965	16.6229795	14.7966	28.0732	21.9502	61.1161	0	1	NA	NA	NA	NA	
57	AAFEX-II	150	3	FTS	1083	2.1	0	15	16	1.06E+16	2.52E+14	1.04E+16	16.6	58.9	7.2	51.7	0.707006369	0.292993631	43.89431228	18.19043572	14.3883	27.6707	21.9719	65.3874	0	1	NA	NA	NA	NA	
58	AAFEX-II	80	3	BlendHRJ	276	10.2	0.65	14.4	25	1.74E+15	4.47E+14	1.29E+15	51.4	46.6	24.1	22.5	NA	NA	NA	NA	13.6359	68.1128	27.3471	68.9433	0	1	NA	NA	NA	NA	
59	AAFEX-II	100	2	BlendHRJ	276	10.2	0.65	14.4	25	2.15E+15	4.03E+14	1.75E+15	51.9	45.3	23.5	21.7	NA	NA	NA	NA	13.3381	70.0156	28.4276	73.9613	1	0	NA	NA	NA	NA	
60	AAFEX-II	140	2	JP-8	188	21.8	1.3	13.5	29	1.23E+15	3.50E+14	8.77E+14	35.2	42.9	NA	NA	0.931034483	0.068965517	NA	NA	16.2138	67.1369	NA	NA	1	0	NA	NA	NA	NA	
61	AAFEX-II	120	3	JP-8	188	21.8	1.3	13.5	30	1.06E+15	5.45E+14	5.16E+14	64.4	74.2	NA	NA	0.870967742	0.129032258	NA	NA	28.1534	72.8356	NA	NA	0	1	NA	NA	NA	NA	
62	ACCESS-I	360	2	BlendHEFA	500	8	0.9	14.4	18.13	9.10E+15	1.31E+15	7.79E+15	81.12	43.7705	21.333	22.4	0.78115345	0.21884655	21.03255664	5.892443357	12.6193	53.1875	23.3916	65.4213	1	0	82.5	NA	1011	0.763	
63	ACCESS-I	480	2	JP-8	800	16	1.4	13.9	16.81	1.18E+16	1.21E+15	1.06E+16	117.71	92.8376	40.8023	52.0	0.711997273	0.288002727	44.45879006	17.98356994	13.6364	51.1587	21.0033	71.5785	1	0	83.0	NA	988	0.757	
64	ACCESS-I	360	3	BlendHEFA	500	8	0.9	14.4	17.05	4.06E+15	1.42E+15	2.64E+15	40.3953	22.1375	7.20792	14.9	0.878638439	0.121361561	15.74124344	2.174252559	14.6017	60.8746	14.3177	60.8093	0	1	82.7	NA	974	0.764	
																															
																															
																															
